waypoints:
- latitude: 14.905662
  longitude: 102.019012
  yaw: -2.129301687433082
- latitude: 14.905656
  longitude: 102.019005
  yaw: -2.129301687433082
- latitude: 14.905639
  longitude: 102.019058
  yaw: -1.3788101090755203
- latitude: 14.905639
  longitude: 102.019058
  yaw: -0.9424777960769379
